function set_poly_bubbles()

    vf0 = 1e-5;
    nb = 11;

    % For nb = 11, poly_sigma = 0.7
    R0  = [ 0.11268673673683606; 
            0.23220653633931174; 
            0.47849353952473012; 
            0.98600181965740386; 
            2.0317925072371117; 
            4.1867882088688697;  
            8.6274535630412856;  
           17.778055939099676;  
           36.634132037256975;  
           75.489673039646320; 
          155.55686510702984 ];
    
    weight = [  1.0609570046638264E-003; 
                6.2387535590331049E-002; 
                0.15779213123200414;     
                0.54930088283903011;     
                0.16449500426530286;
                6.7800449376977642E-002; 
                2.4039746998193155E-003; 
                1.1731800161004836E-004; 
                4.9251207364237434E-007; 
                2.8458142507230922E-009;
                7.0726746967780143E-013;];

    save variables/poly_bubbles.mat;
end